4294967294,0
4294967278,132
4294967278,131
4294967278,130
4294967278,129
4294967278,128
4294967278,127
4294967278,126
4294967278,125
4294967278,124
4294967278,123
4294967278,122
4294967278,121
4294967278,120
4294967278,119
4294967278,118
4294967278,117
4294967278,116
4294967278,115
4294967278,114
4294967278,113
4294967278,112
4294967278,111
4294967278,110
4294967278,109
4294967278,108
4294967278,107
4294967278,106
4294967278,105
4294967278,104
4294967278,103
4294967278,102
4294967278,101
4294967278,100
4294967278,99
4294967278,98
4294967278,97
4294967278,96
4294967278,95
4294967278,94
4294967278,93
4294967278,92
4294967278,91
4294967278,90
4294967278,89
4294967278,87
4294967278,86
4294967278,85
4294967278,84
4294967278,83
4294967278,82
4294967278,81
4294967278,80
4294967278,79
4294967278,78
4294967278,77
4294967278,76
4294967278,75
4294967278,74
4294967278,73
4294967278,72
4294967278,71
4294967278,70
4294967278,69
4294967278,68
4294967278,67
4294967278,66
4294967278,65
4294967278,64
4294967278,63
4294967278,62
4294967278,61
4294967278,60
4294967278,59
4294967278,58
4294967278,57
4294967278,56
4294967278,55
4294967278,54
4294967278,53
4294967278,52
4294967278,51
4294967278,50
4294967278,49
4294967279,48
4294967279,44
4294967279,41
4294967279,39
4294967279,36
4294967279,32
4294967279,30
4294967279,26
4294967279,24
4294967279,19
4294967279,18
4294967279,17
4294967279,13
4294967279,11
4294967279,9
4294967279,8
4294967279,7
4294967279,6
4294967279,5
4294967279,4
4243767290,0
4294967278,354
30,4
30,3
30,2
30,1
4294967279,556
4294967278,353
4294967294,441
4294967294,1154
29,6
29,5
29,4
4294967278,352
29,3
29,2
29,1
4294967279,555
4294967278,351
4294967279,554
4294967278,350
28,6
4294967279,553
28,5
4294967278,349
28,4
4294967279,552
28,3
28,2
28,1
4294967279,551
4294967278,348
4294967278,347
4294967278,346
4294967279,550
27,5
27,4
27,3
27,2
27,1
4294967294,1433
4294967294,1432
4294967279,549
26,5
26,4
26,3
26,2
26,1
4294967279,548
4294967294,439
25,5
25,4
25,3
25,2
25,1
4294967279,547
4294967279,546
4294967278,345
4294967294,1431
4294967279,545
4294967278,344
4294967279,544
4294967279,543
4294967278,343
4294967278,342
4294967279,542
4294967279,541
4294967278,341
4294967279,540
4294967279,539
4294967279,538
4294967278,340
4294967279,537
4294967279,536
24,4
24,3
24,2
24,1
4294967279,535
23,6
23,5
23,4
23,3
23,2
23,1
4294967278,339
22,6
22,5
22,4
22,3
22,2
22,1
21,5
21,4
21,3
21,2
21,1
4294967279,534
4294967294,1430
20,5
20,4
20,3
20,2
20,1
4294967279,533
4294967294,431
4294967279,532
4294967279,531
19,5
19,4
19,3
19,2
19,1
4294967278,338
4294967279,530
4294967279,529
4294967278,337
4294967294,1429
4294967279,528
4294967278,336
4294967278,335
4294967279,527
4294967279,526
4294967278,334
4294967279,525
4294967278,333
4294967278,332
4294967279,524
18,4
18,3
18,2
18,1
17,6
17,5
17,4
17,3
17,2
17,1
4294967279,523
16,6
16,5
16,4
16,3
16,2
16,1
4294967278,331
15,5
15,4
15,3
15,2
15,1
4294967294,1428
14,5
14,4
14,3
14,2
14,1
4294967278,330
4294967279,522
4294967278,329
4294967279,521
4294967279,520
4294967278,328
4294967279,519
4294967279,518
4294967279,517
4294967278,327
4294967278,326
13,5
13,4
13,3
13,2
13,1
4294967278,325
12,5
12,4
12,3
12,2
12,1
4294967279,516
4294967294,1427
4294967279,515
4294967278,324
4294967278,323
4294967279,514
4294967278,322
4294967278,321
4243767290,3
4243767290,2
4294967294,473
4294967278,320
4294967293,131
4294967293,130
4294967293,129
4294967293,128
4294967293,127
4294967293,126
4294967293,125
4294967293,124
4294967293,123
4294967293,122
4294967293,121
4294967293,120
4294967293,119
4294967293,118
4294967293,117
4294967293,116
4294967293,115
4294967293,114
4294967293,113
4294967293,112
4294967293,111
4294967293,110
4294967293,109
4294967293,108
4294967293,107
4294967293,106
4294967293,105
4294967293,104
4294967293,103
4294967293,102
4294967293,101
4294967293,100
4294967293,99
4294967293,98
4294967293,97
4294967293,96
4294967293,95
4294967293,94
